240691007830057000970030100123005748089170005704823961098016070360789514017002600
500000108367058204081003000079002310138965042045001069412097650790520481806310027
500806000820071406170423859080060095095308724010057680762135908401000072058700361
031067249740519006089302700076093450010024300304085097090050601150476003207931504
068329510100584032352001040036805704000900003789032160021040306070090481843106279
762030910154060780389715460907006208500203649040580130003600074005400301421057806
705938020400106035360075981231800000590067018608040503140002359806793042920510070
080024179019067205203100846650081004047503602301640500728416953935070001060900020
739000502400592600206301480090047821080103795172809040843916057967280030501000900
460582310001009478039004056083027500510093807972058163740230001196045000008001645
003206790075819430906740580164307050529068340700524000800930064000681970001075823
004582010253706080600000025500298307049150268382047051030901504125300896400060132
037108452000004000104093867406589710015402986089670005540000008691005074872046591
396871520507000086200564390764205918902000600005089072451920000600050841873406059
700490060040306020629507143006209300970865012500043609300620790260001584198754206
040605390387401002956207000073108906420569003098743520010970430039804000860302179
860702004502860390437000806028000540054203679903450018785041932096027401001390060
500309768300086405681004000908160503167403892000928076050791304814032957000040021
087231460023479001900568307074053910300910600096700230010396002702845106809100540
000000400893074062647000308078400691210796834964081005486927003039145006100063940
237190050086073900041560730000042009172009008894617325613705204750401603020930010
600398007001647000374005698260439710730152480405870923120004000046923801803000054
453600829061298400908405160504926731030000298297083506875300010300060005600702084
823500079059701830740030562310496728470100090980203010090607283000305000138942650
087046030001273406306800000004305160093160520605027340400712003508439612032608794
004209315000005000015480020173042698498136257062970043800620070641857902000391800
072004600038609724146872300405001807710048065283765941004190000090007406057080192
410352087608090030372016405700080324205903708003240509901400006507130902804679150
510087032069200005723054890380720140476030509102006783248300017600891250051402000
902146537513270400674538010240700650350964700008025190036850249090402305005000070
760000040041023900829745306658207130170804560390006070080370451037001608215460703
207506180491378065856004007914080536568030070300009008040812653083045021005003809
253078409080695002000020850009042705574010086832567940945001620300000074716230598
058302471000080936306791820679850102581007603400619500035240000260005318890030054
000082304083045001005309086350460729620107430040293605038920107704001562102504093
153928700682004013047003050800032079005891002200576400560219347700385120300640890
820970400735004002040012708050020804297846150008309200160030520372405681589001347
810705362056930007073286159028000630390160208760823915530410096600002001041008700
080320096629005341501004070293000150170280604060103907902716403000492765746500209
078030204003407050416092307624710530351024068709365002930106825140000900860070013
500210739197350804820079165319604078052897300000035000238940600001003482465002003
903800506708600400060007102632185907040709025097402800009240703254970018376018294
175392486090000210426187009250640978049870125081209034014005860800020501560400000
842060530976510482035028900081000604067241090294836010010680009000107043058392160
000050008030648129016900054921080037500390040374162805400876903197205486003419500
075921684049563710100008930493000020518000407026100503937410806050896300680007249
026087040387412065140305280400591600001006423060200050604738002270600814095024736
070200098986100452254869100408921735520670001017005269830096520700040316600300080
800639007643021859010485632080072091301058764090100203508240900004007020239816400
073250149125049380849000020030921658080370491951084273714060030300507000090400062
367800150004000620910560487108340900035106802796000300853002706649030008271689534
070230968309000412208006035057093001034008679980670304000342896406700123823060540
094651370007043860603208109000304250028760490500102036970800514480007023135420607
000925607020107085450863921064298010385670004201354068540089000900400852810002079
043562000781390620620178043094206537032700160060035402270480000010650279356007004
039258017026917540007364080978031020651802309000006100062489035380070201705023004
090067052037502000528140670850914200072856094109000508203605040710038926060271085
400702053397014008020396174984600025750809601102057009040060817670940500008075496
129568030073900265006720819000600128760241050051089746600030000937052080085190372
954830601603402800782615490060300012347521986020068730006100200078249360230000040
060209037780534190095761800009000003207100084008673901123056008850427319974008065
267001830394208600801360090000739508023506900589412360600890140948103000105070289
635040107009560034874023600213700468000238071587014302062071080701080040308402710
086092054729530806000086927608341270900820463030000081400908002391057608800413705
452009017708002403000070005045983100379216508080047300521008634934600781060431950
090438127087912650321506984060100049005700008004290710049301005273859060058040390
431725000600841537078600204703096080295000300180350029957163840362904750000500960
008060954906004230340208760091647503627000409003982006184570390032809047000423805
106920050095813746070456020063105400012674390080239500701508634850300900600041205
200750040640309521951462007093600218000813095815927060086204150120500074070096300
008713054170560830400289670056030428924000010080642795013405280007126543000370060
705240096009750002080310070806105234004902780271030500923501640148007050567493108
203000790000049053050273186620354907590607408430008620300401079105006342749532060
054908000013047062000001458090485716005700349047306805739004081401809673500173094
045783600803002745276050308007801296028904000030605874009310402310046980760098150
073000000090340265246010079312890047050023006680401923039004852728035090465280031
204907350509310702763245819000870001830104927097500068950031004371092085602000100
351027804620439001790580002003090750170060900289750106910070435507306209832005607
014308276080070940297100580740821609008030052029607804901502007052716398000903120
506304210070621945214790030100030069065010304430007182702153608000076021680042750
608072030007950640549031700384009000705024913100367850801040390073200186956183002
123809000584067913000153824402500039300406205001300467908005070200734698637080042
072901580630208947095740312980670020056400803024803060000300104549067008318520079
129805647046790831307061002071600400900180000260549010700956004012374980095218070
730208900050079830829030476083000600267985014041306580600103048475002193008704260
100495003385762010924183057200910000500604081003058740831009406750306190406070532
489206075615800002700504100960025010073680049108470620590740231301952068020060950
800507416002041008014083250000830145106004700340179802701460309009310504430795621
490608705308952010056410309010379546569840073743520008607284001020065000005090062
100708209209035108854009367480096710005000400001482935590200004617950803342067501
051370000207549601940608007008126045514803760300457900462081573830704100070005086
060584312104693857580721940059010738006070020200045060730000490095030281840159600
907506130623081090018034070179208063380000720206003980065040210431092007092805346
120060370573201906000304120201406057650027403480153000715609084000748561006512030
903786451670140000415029068002401800069057203384000510000074105031508670047613980
300900078070080295005470013049608030807394002603027049032705986060839021798001354
108300096306504721750109380004826030821093650630001008083017460060005800215648073
291743000080916720647208910004620079960300041718504036409100368106839002003405000
095867000021439007873025904200658319350091000009070620062040781704586093038710500
096000820050008149408129706070001965519046230062093471741000382980372014000014500
