080007000000001005002050900040600000000800106007500830600000500500060000098300672
001003700400000000090100400080450300700900000000708006013080594007001000000060030
000800000895100000400290700000035060030600009900008000071500800000007001608000300
079060503000005000000387069700000000060000200000900058930000005100008000540000130
700030800032000000085007040057000300900008010100060098046000007500900000010040000
910560000003000000000001024600010480504980000000030700008000560090000000005078001
000400002000000930900125060007002000030000027080049000264870000000000240300000600
006900400200080900430000002004000106000700008002800093000000079000170080600530000
007000200200030609000001000070500060509000800000020903026090300903100000010800500
000000047065010002200700008032060000610098050000001000090480005003000000006002900
035100980080000104060000000006090570201057003500300006000006000000200007050009000
310000902000040601000000030840105007006400000002073000605714000009000000000060008
000019057000060000040030800056007000890000020020000060002300004000002300705098002
080600000000005092590000001900050700003070000026409000005907600007080003200000007
000000204060500108900043000170005000000008050002009807700050029000060070000000506
006009000000400008307000000010000800000000402409320605000532090100706000900040050
038091002050040000007003060500004610000000300026300000074510000000708004000000200
200006900030500000801200407600405210000107009000000000074002000006701890000000000
000207104070080003100300800000029005064000700000800010000008200010490500009100000
025090000090080570400012003000060000006340007209000100900027000050900080000000004
230000549008000002610050000000008007100062080043100000000001700080400020300000900
073040090000029000080050040005038000000400100020600080004007060000090008001500023
003072080701000000500908000000450030008000000100000706006007309030004800009020600
007000030300090100100800005002700006050046010009000047003050000806001002000409000
850007309600000071000000000080700004009820000030100050060005000000010708700200530
400702000001900000000800906000309000070050089902000740800000400000030600067400008
082700300000104059004000060030420590000005000100600480001000002000060000600057000
004800700760000108900000300000900030000341080030700006003098000010000605600007000
600000415420600000005700000900006007001049028000000000540021000007400590000000003
007000580019700000620004000040000003070052000300100700060000470000007100004209300
000000076000600301016200490000010902080407000901000000000160000307002000005004003
408010000760000010009000005000503049001000600000080000300002500000300900526097030
050300046030010000000000020024100850000409030009000000900008400762040008005000700
004005070800610000520000060350000004000400310000109007002360000160000080005000400
004906000070400000000000900006509040000042030003600091000305400480000500301000008
030090000200500007910000240800906100000000070001003050090070000028600000003002096
000708000060300080350020001004002013030045900000000005000070000280000000901203060
000600400074003080000000675002048000450000301009031000100000050090000003007020004
060000009400008500080502000000700300010005070857010060708200000006004000900000610
208700010000900070510000000709000040053000900400206000000079000065030100000085006
060052040000006007000037005120600000006000090005000103000500001094010000800000954
510230094030600000009000702000000508001000000070310200002400006060509400000000800
700000005300010400090030070000000506040006000800075000038020650000900804002040030
005000300780009000000602050000705090102800000600030400003004020000000963800000705
090000000308640107201000000700000060006708200400002700010020070060080040000010800
005300000070900601000406080480000020010000000200000703090060054000205000036780000
801000004070501600005002000700809030050000102040003000200100000410600000003007800
000300087001000050080007090096208000050000706730060000000000510020000903010046000
500040820600000000490700000200073008004020001003600002020080765800010000000006000
097000000000040000010065740060200000800000103104006097000003408700001000500000620
100000000000800025570400060040006902000020000200003100300000006020500800009607043
000000809800000700600000320009003000130802000500064000010009034000000271700500090
002000009000380000500007800059640000400000010006500020003004050180256000000009080
007280045200000607000709000064000071130000020000401000000800000042060000051000800
010000030060104700000030006000090075008300000700400908501060000080001500030702000
010095000083000007900820100000700000690040850030001000000106704001000003008000002
000058302000000050000170400006009030050000840097030000012000600000000704408500100
032570000500006000980002000000100080090080060200000057051030004000040096700000300
008500600230090000000107000600058010000900004000700052070000000840300170000002430
005020060000000000000671000673005002100702500000000030050497080090000003002008050
500900010063010004000020360000100000300000100070060200009003700040590003800000490
040051000000006020006000098000040300001803070032090500008000200020708059300000000
000805040000300010070090068000710000003520000008000002047600950010000600600007100
009100000060002800000070300750080000000004003842000067090400000004000008200591400
520010090009050300300009058000040700710800040030600002000000020040002000000090087
200070031008005000000009600615000070400003100000100002000800704100200058090000020
000170008000008620009034005001060400004050010760000000240800063070000901000000000
069400021705001000200000000000340000000620900470500002090000400000060090548000600
050040009000080070000601000090070532208010400000000001004900000000030904700420080
040800100000205973000000200000000006407000009019720000000080000580610002001090600
040050700000000010000803400086000170904000080001002050000000060609740020000105800
004020000300000705000054900000300006060002130000009080475000301800000062003000070
090800300500000001000030062006000920000420005003050406000287000000000500308065000
020000007006700052000801940600900000002000010007350090040103000800000000051004020
409301000006200000000700120500000060080000053002005008000009002007000614068000005
070300008000760030010500000000007254200081000003006000037600900800000705690000000
000200070790006003000000081006070019010004000004005800000080760040010000200653000
001050700060049005000200000020970300806000020000600040208000400007005000003781000
000020005030008640010000230008470000120360004000050090564000100000084000000000007
960500000005900680000080054000439060170000300000000000004075000000000400086014003
704300020009706000000005400060500109300000005007402800070050000030100000000260900
093600800860579000005010600080050000000000003001000097210000000600000001307480000
000903100000800000200670908006000087004050030300001050020000000700020300503000802
020410090060039000370000064500800000000003000001065000002000045000300680000004703
305000060000970000010000700000098570007000483200700000020054100000000000593010020
005400100162000000000000057050200003080601500700000090009010200020045000540008000
030014000000000002000000360506000007000903050002500900200000405103008600058006003
200080000000300000690025008046000050001000406000060020072000560400001300980000002
000800000000000302000150604309010056204900001000000000102004003095280000700000005
200000000004020300005106000180005060007094000900800750400508020000000004010300800
300000702006300180000400000000542030001000250000109070400706300057003000000000060
000052091009000006000000508050060000000040002100708000230109000070006004806400700
069003002010900000000186409030005000004700100590000000000530020300000700000074005
000006000040000680900000407000628000000005000700301025290500008000900730410000200
000500080200000900000016002107030000000000063000090520009100070501800000076040801
086030000007540100000007040003200080090000000500060007020400600014005800800090300
006410900000000681700009000060080030030051400000000000208100003009670005050000040
893400000040002306000500100200900000007000080010006000000250004908000003070008012
070938000200000007500600940000502300050304009000000056090000000006053002804000000
003050000800426019000300060590000400070000238100000000000000900310000020200540003
