000480096000100804050790010020040005009030100008950042070000030085010679063809021
030429600002130070000000092501390708078500030090080050600240800403005020800910040
040600203009020608000358001081530700603072000007810045060001002010903500004005800
903070000002014060100080435030009056000050713068730249000400390010800000000027680
705040080020008950040200000600027000000490000504600029470160008052030416061850007
547302080300004020090800534804700010002080067000100008003540001018903005400060003
804000000060500089750016400600209100591764003028130007200097050045021900000000000
460090100008000079701000003007000031020700065000089720809060200132074500570020340
980060100002004590014059670069000005403006780001030069040090017090518000008600000
105000400023000075070081000390000000051840092002709500030027940216000000047635800
008300005003170890500900610401700000006500007000080149060417052740006000010850406
400518030853720601900040007600050010004206050380070000060090020200000070107862090
002800139000600724010000508078046300004520890000089407705000040000061205020904000
009208100143700002806014057030100689008030500010000320052000016000920000007500290
920000083600050279730400000010080095809106000000000028170039004300518760080600900
570000290090870160060000007200007049006090810903400000600904580105000004080051673
800030000502090300000005240008000701100050632650200094370000009201340067060807023
050000269009007000010620057100068400000000698836090002042810500003000084080374020
400000000059670004002009106020960000784100209036020010615002498200080530000001002
600000000000200700000001040008715600065930017917408035070500009040170562003089001
010043900006020003047000281003904860004807000980230004830671000060085000700400008
000087621200400078000020004400132000103000460007090032610070003908000200570210096
000820950090670008050300600020001034541007006379060520002000000780040005415703000
107200840200700900083906071000680500804000007000009008930005704002890305005032009
239814050014600902006000008147003000060008079500400010000031060073009501020080007
000000000750030000302009074069458700070000806148063900000901007407005109010380405
300000246042001005589060000004000167000040000067015080703900000026074001405023608
092700100060000002807291300009582010000017030000600000071306908008409071940008003
009053010005981400013060809908100075500000601170000008450000930600502000301400060
108005734504801020900006000000052007000400602620309401200000003006900800780063240
030420805059300724007009003370298001620010000900603000060000307090074280000006010
950713280680000531103865490000050843030020010000600009000000100300071002071080000
009600000000000800002100367010750200000036970097020000036910702001007004874065193
003706000004080090710350000065809700807512960000607050396008125000020000100060400
200108057005000360000200800809040206004010039350000100900003745000920010460571003
500308602800600030004900080050083490040007058007000260030810500610030870000056301
670402000580700002090030000000910020920005700006200953152009030800560017060020509
001056827400010000080209154510700000200500708074000010008000072006302080750008490
870009003009730240000086090900270035086350010035091007050000804018000079000047000
007062000000705186005381090020000460014890730930004500062000005079400600050020070
200804913000059762900027040009472000000006090067900208001008500000600080500091074
036000002057600300020050460074280003000100790000004520060502001341068270500010006
650012800290000001400005070000050000510630427820490100005000704970003008080500293
400850960009020041060010208008300000070002050002000700200107305317295004056400100
658902410014856207900014080040100000000000030205040900400095000069400720030200009
504002310007490062210080907870000130039600020000305800000020480600030200900104600
070000005301459000895706000512000003000520010083100900049000176006002034030600509
930700600000002890007090410000046378085070000003281040040867230060050000310020006
000100380095600400608040590020060054050000013000005908540007009730086040080510230
001070840000094560000210900000821057100703000200040300410030009800062005365180004
080004210090523607300680400250076000100809000907402008020010040530000000000905372
004800030002000900560190200980000407030906800216078050059601004001040600640002005
408507002520006080736000051200000010003715208050824360800000000000090174040070020
002300006600008704003006502700400069540062000006000415084600050035780000067500023
230008615560030800009056003300067080000500702900020000603001007710640098400000150
300000760026000491000000032800971056005000000900635824017490080560080000009016200
805000021142700060009000350000000103904000076703060090207103009000608000380920415
600097024090860107371020690006000030025000470010000000107900563000031800000608702
000061000080009300000000709002094600540007003017038450398005000060003040274186930
049000008520009001870005002004123509090408070600900820407000980150300047900700000
800100000076020308902035040600002970000760003038951000000690007200518030000240509
009600000200091307018407065702900058901000000600170203027000530000204870090003020
300860790807200500906000400020406009630007014400009058180000007000070803760940100
008020000407085030000310000905008003080203504040000070200109480174800350000504217
025040870861000345000000000007590003006000280004000007300120650610700004458639020
010030280035060790028071650007040830000508410200000900670100508093050100500700000
020610900100948630806700000050006400900000306630094080300001709000360040000289160
100000203304600507057000409948301670002509100060400900210850004400002000000004306
002070000690200078800001092009020503200400019580000246400810057008000601030050820
050370201000902040092040030380050100407091005200830960900100450020009603700500000
007000800030010004510080700000006203300500078768239000020650100170390462080020050
500048927014000000000300800030024000209016300005803402000400208300082746002637000
002605100740300000080702000004500020000170093063298045210030004800000216000021380
002070003801050090060000721709030865003000000500700100094203057638007900000690310
803000721010300400540070809000053002120700008607009504000407063061002087000006040
000030008009008000000102053008310400790085132300009007967003010050790080102400309
700010452952008003010602900000000030603280005001070080020007340800409521009500007
017002365009070084043008000601704520000065000758021900405000719070000000900040050
200745900509021400100390050423108600000002300051060704740009000300210060002007000
768001005430750090159462800810600059940003006000045030300084000000200010600070000
800001004001860350300205800523090106000603500096008023009000735205000000070300260
069847053200630910000910800020400700490000002071026090000700040937500000040090306
530670021092035408400200003050840067803060210006012000004006002000900780700000500
000617000006089070000204809000400156004001080570000943000028014600345092000090508
400000009720501460800000200008410000000079308002000004287045031040100072960007845
000010687180500003267009000300000162010900070800650030040120790031090000609470010
900300706728496130000020900000009010409031000002800000060908003180060297590700080
040012057009740002200000040861004070950001008400050096083129700004008000100003509
008000105251308769000001480005703000160095800840600090000070014312054000090000200
800007610730041528000002009307200060000070802106804905500013280000020000200000391
600004000080005900140008062070003006000741205000902107000430000030200651926510043
502600003300720548047003006090060100100070050726805000980006070670004320050000009
080075043000602009039008072360001458004006207000204001570129804090000000003000900
060008103029046085801000694702500048000410900000080510000070456600032000100050200
003000016000091005504300920000600781080029304000040260400015000600837100871402000
200340067300080040005000238051030072402076090679800413000000920500700006100000004
927003006650000048400500702003007000084901000165230074370080000000120830800000620
400809370500017090003040006006000040050604008849720050305002409600400001704080002
000420080000008300400360907902000750070290400004176200090030804300007090720904013
000102007200050400370804562002708600069000140500016270403020010005000020907680000
